logistics_benchmark-mid
iteration	methods	solved
1	3	32
2	4	50
3	4	50
4	4	50
5	4	50
6	4	50
7	4	50
8	4	50
9	4	50
10	4	50
11	4	50
12	4	50
13	4	50
14	4	50
15	4	50
16	4	50
17	4	50
18	4	50
19	4	50
20	4	50
21	4	50
22	4	50
23	4	50
24	4	50
25	4	50
26	4	50
27	4	50
28	4	50
29	4	50
30	4	50
31	4	50
32	4	50
33	4	50
34	4	50
35	4	50
36	4	50
37	4	50
38	4	50
39	4	50
40	4	50
41	4	50
42	4	50
43	4	50
44	4	50
45	4	50
46	4	50
47	4	50
48	4	50
49	4	50
50	4	50
51	4	50
52	4	50
53	4	50
54	4	50
55	4	50
56	4	50
57	4	50
58	4	50
59	4	50
60	4	50
61	4	50
62	4	50
63	4	50
64	4	50
65	4	50
66	4	50
67	4	50
68	4	50
69	4	50
70	4	50
71	4	50
72	4	50
73	4	50
74	4	50
75	4	50

logistics_benchmark-low
iteration	methods	solved
1	4	14
2	6	19
3	6	19
4	6	19
5	8	19
6	9	19
7	9	19
8	9	19
9	9	19
10	9	19
11	10	19
12	10	19
13	10	19
14	10	19
15	10	19
16	10	19
17	10	19
18	10	19
19	10	19
20	11	19
21	11	19
22	12	19
23	13	19
24	14	19
25	14	19
26	14	19
27	14	19
28	14	19
29	14	19
30	14	19
31	14	19
32	14	19
33	14	19
34	14	19
35	14	19
36	14	19
37	14	19
38	14	19
39	14	19
40	14	19
41	14	19
42	14	19
43	15	19
44	16	19
45	17	19
46	17	19
47	17	19
48	18	19
49	18	19
50	18	19
51	18	19
52	18	19
53	18	19
54	18	19
55	18	19
56	18	19
57	18	19
58	18	19
59	18	19
60	18	19
61	19	19
62	19	19
63	19	19
64	19	19
65	19	19
66	19	19
67	19	19
68	19	19
69	19	19
70	19	19
71	19	19
72	19	19
73	19	19
74	19	19
75	19	19

logistics_benchmark-high
iteration	methods	solved
1	2	50
2	2	50
3	2	50
4	2	50
5	2	50
6	2	50
7	2	50
8	2	50
9	2	50
10	2	50
11	2	50
12	2	50
13	2	50
14	2	50
15	2	50
16	2	50
17	2	50
18	2	50
19	2	50
20	2	50
21	2	50
22	2	50
23	2	50
24	2	50
25	2	50
26	2	50
27	2	50
28	2	50
29	2	50
30	2	50
31	2	50
32	2	50
33	2	50
34	2	50
35	2	50
36	2	50
37	2	50
38	2	50
39	2	50
40	2	50
41	2	50
42	2	50
43	2	50
44	2	50
45	2	50
46	2	50
47	2	50
48	2	50
49	2	50
50	2	50
51	2	50
52	2	50
53	2	50
54	2	50
55	2	50
56	2	50
57	2	50
58	2	50
59	2	50
60	2	50
61	2	50
62	2	50
63	2	50
64	2	50
65	2	50
66	2	50
67	2	50
68	2	50
69	2	50
70	2	50
71	2	50
72	2	50
73	2	50
74	2	50
75	2	50

