satellite_benchmark-low
iteration	methods	solved
1	3	0
2	6	0
3	6	0
4	11	2
5	17	8
6	20	16
7	23	20
8	23	20
9	28	23
10	31	23
11	31	23
12	35	23
13	35	23
14	39	23
15	43	23
16	47	23
17	47	23
18	50	23
19	50	23
20	50	23
21	54	24
22	54	24
23	58	26
24	61	26
25	61	26
26	65	26
27	69	26
28	69	26
29	73	26
30	73	26
31	79	26
32	84	26
33	88	26
34	88	26
35	88	26
36	91	26
37	94	26

satellite_benchmark-high
iteration	methods	solved
1	2	30
2	2	30
3	2	30
4	11	30
5	14	30
6	14	30
7	15	30
8	17	30
9	18	30
10	22	30
11	23	30
12	25	30
13	25	30
14	28	30
15	29	30
16	29	30
17	31	30
18	32	30
19	34	30
20	34	30

satellite_benchmark-mid
iteration	methods	solved
1	3	7
2	5	11
3	5	11
4	8	22
5	13	26
6	16	26
7	18	26
8	18	26
9	21	26
10	24	26
11	24	26
12	28	26
13	28	26
14	30	26
15	32	26
16	34	26

