satellite_benchmark-low
iteration	methods	solved
1	5	5
2	6	5
3	8	11
4	10	29
5	10	29
6	10	29
7	11	44
8	11	44
9	12	46
10	12	46
11	12	46
12	12	46
13	12	46
14	12	46
15	12	46
16	12	46
17	12	46
18	12	46
19	12	46
20	12	46
21	12	46
22	12	46
23	12	46
24	12	46
25	12	46
26	12	46
27	12	46
28	12	46
29	12	46
30	12	46
31	13	50
32	13	50
33	13	50
34	13	50
35	13	50
36	13	50
37	13	50
38	13	50
39	13	50
40	13	50
41	13	50
42	13	50
43	13	50
44	13	50
45	13	50
46	13	50
47	13	50
48	13	50
49	13	50
50	13	50

satellite_benchmark-high
iteration	methods	solved
1	2	50
2	2	50
3	2	50
4	2	50
5	2	50
6	2	50
7	2	50
8	2	50
9	2	50
10	2	50
11	2	50
12	2	50
13	2	50
14	2	50
15	2	50
16	2	50
17	2	50
18	2	50
19	2	50
20	2	50
21	2	50
22	2	50
23	2	50
24	2	50
25	2	50
26	2	50
27	2	50
28	2	50
29	2	50
30	2	50
31	2	50
32	2	50
33	2	50
34	2	50
35	2	50
36	2	50
37	2	50
38	2	50
39	2	50
40	2	50
41	2	50
42	2	50
43	2	50
44	2	50
45	2	50
46	2	50
47	2	50
48	2	50
49	2	50
50	2	50

satellite_benchmark-mid
iteration	methods	solved
1	3	50
2	3	50
3	3	50
4	3	50
5	3	50
6	3	50
7	3	50
8	3	50
9	3	50
10	3	50
11	3	50
12	3	50
13	3	50
14	3	50
15	3	50
16	3	50
17	3	50
18	3	50
19	3	50
20	3	50
21	3	50
22	3	50
23	3	50
24	3	50
25	3	50
26	3	50
27	3	50
28	3	50
29	3	50
30	3	50
31	3	50
32	3	50
33	3	50
34	3	50
35	3	50
36	3	50
37	3	50
38	3	50
39	3	50
40	3	50
41	3	50
42	3	50
43	3	50
44	3	50
45	3	50
46	3	50
47	3	50
48	3	50
49	3	50
50	3	50

