blockworld_benchmark-mid
iteration	methods	solved
1	0	0
2	0	0
3	0	0
4	0	0
5	0	0
6	0	0
7	0	0
8	0	0
9	0	0
10	0	0
11	0	0
12	0	0
13	2	8
14	2	8
15	2	8
16	2	8
17	2	8
18	2	8
19	2	8
20	2	8
21	2	8
22	4	8
23	4	8
24	4	8
25	5	8
26	5	8
27	6	8
28	8	8
29	8	8
30	8	8
31	8	8
32	8	8
33	8	8
34	8	8
35	8	8
36	8	8
37	9	8
38	9	8
39	9	8
40	9	8
41	10	8
42	10	8
43	10	8
44	10	8
45	10	8
46	10	8
47	10	8
48	10	8
49	11	8
50	11	8

blockworld_benchmark-low
iteration	methods	solved
1	0	0
2	0	0
3	0	0
4	2	0
5	2	0
6	4	0
7	7	8
8	7	8
9	11	8
10	11	8
11	11	8
12	14	11

blockworld_benchmark-high
iteration	methods	solved
1	0	0
2	0	0
3	0	0
4	0	0
5	0	0
6	0	0
7	0	0
8	0	0
9	0	0
10	0	0
11	0	0
12	0	0
13	2	0
14	2	0
15	2	0
16	2	0
17	2	0
18	2	0
19	2	0
20	2	0
21	2	0
22	4	8
23	4	8
24	4	8
25	4	8
26	4	8
27	6	8
28	6	8
29	7	8
30	7	8
31	7	8
32	7	8
33	7	8
34	7	8
35	7	8
36	7	8
37	8	8
38	8	8
39	8	8
40	8	8
41	8	8
42	8	8
43	8	8
44	8	8
45	8	8
46	8	8
47	8	8
48	8	8
49	9	8
50	9	8

