blockworld_benchmark-mid
iteration	methods	solved
1	3	11
2	2	9
3	4	15
4	5	19
5	5	19
6	5	19
7	5	23
8	5	31
9	5	29
10	5	29
11	6	32
12	6	32
13	6	32
14	7	33
15	7	33
16	7	33
17	7	33
18	7	33
19	7	33
20	7	33
21	8	36
22	8	36
23	8	36
24	8	36
25	8	36
26	8	36
27	8	36
28	8	36
29	8	36
30	8	36
31	8	38
32	8	41
33	8	41
34	8	41
35	8	41
36	9	43
37	9	43
38	10	43
39	10	43
40	10	43
41	10	43
42	10	43
43	11	43
44	11	43
45	11	43
46	11	43
47	11	43
48	11	43
49	11	43
50	11	43

blockworld_benchmark-low
iteration	methods	solved
1	2	21
2	3	23
3	3	23
4	4	27
5	4	27
6	4	27
7	5	32
8	5	35
9	5	31
10	5	31
11	6	36
12	6	36
13	6	36
14	6	38
15	6	38
16	6	38
17	6	38
18	6	38
19	6	38
20	6	38
21	6	38
22	6	38
23	6	38
24	6	38
25	6	38
26	6	38
27	6	38
28	6	38
29	6	38
30	6	38
31	6	41
32	6	41
33	6	41
34	6	41
35	6	41
36	7	43
37	7	43
38	7	43
39	7	43
40	7	43
41	7	43
42	7	43
43	10	43
44	10	43
45	10	43
46	10	43
47	10	43
48	10	43
49	10	43
50	10	43

blockworld_benchmark-high
iteration	methods	solved
1	2	50
2	2	50
3	2	50
4	2	50
5	2	50
6	2	50
7	2	50
8	2	50
9	2	50
10	2	50
11	2	50
12	2	50
13	2	50
14	2	50
15	2	50
16	2	50
17	2	50
18	2	50

